1100 1
0101
0101
0101
0101
0101
0101
0101
0101
0101
0101
0101
0101
0101
0101
0101
1010 2
0000
0000
0000
0000
0000
0000
0000
0000
0000
0000
0000
0000
0000
0000
0000
1010 3
0000
1100
0101
0101
0111
0000
1110
0000
1101
0101
0111
0000
1110
0000
1111
1010 4
0000
1010
0000
0000
0000
0000
1010
0000
0000
0000
0000
0000
1010
0000
0000
1010 5
0000
1010
0000
1101
0110
0000
1010
0000
1100
0101
0111
0000
1001
0101
0101
1010 6
0000
1010
0000
0000
1010
0000
1010
0000
1010
0000
0000
0000
0000
0000
0000
1010 7
0000
1001
0101
0101
0010
0000
1010
0000
1011
0000
1110
0000
1101
0101
0100
1010 8
0000
0000
0000
0000
1011
0000
1011
0000
0000
0000
1010
0000
0000
0000
1010
1000 9 
0100
0100
0110
0000
0000
0000
0000
0000
1110
0000
1001
0101
0111
0000
1011
1000 10
0000
0000
0010
0000
1100
0100
0110
0000
1010
0000
0000
0000
0000
0000
0000
1001 11
0001
0001
0011
0000
1001
0001
0011
0000
1011
0000
1110
0000
1100
0111
0000
1000 12
0000
0000
0000
0000
0000
0000
0000
0000
0000
0000
1010
0000
1010
0000
0000
1100 13
0100
0100
0110
0000
1100
0100
0110
0000
1110
0000
1011
0000
1001
0101
0101
1000 14
0000
0000
0010
0000
1000
0000
0010
0000
1010
0000
0000
0000
0000
0000
0000
1000 15
0001
0001
0011
0000
1001
0001
0011
0000
1011
0000
1110
0000
1101
0101
0100
1010 16
0000
0000
0000
0000
0000
0000
0000
0000
0000
0000
1010
0000
0000
0000
1010
1010 17
0000
1101
0101
0110
0000
1110
0000
1100
0110
0000
1000
0101
0111
0000
1011
1010 18
0000
0000
0000
1010
0000
1010
0000
1000
0010
0000
1011
0000
0000
0000
0000
1000 19
0101
0111
0000
1010
0000
1010
0000
1001
0011
0000
0000
0000
1101
0101
0100
1010 20
0000
0000
0000
1010
0000
1010
0000
0000
0000
0000
1110
0000
0000
0000
1010
1010 21
0000
1101
0101
0011
0000
1001
0101
0101
0111
0000
1001
0101
0111
0000
1011
1010 22
0000
0000
0000
0000
0000
0000
0000
0000
0000
0000
0000
0000
0000
0000
0000
1001 23
0101
0101
0101
0101
0101
0101
0101
0101
0101
0101
0101
0101
0101
0101
0101